/home/ak/CLionProjects/cpp-husky-a200-path-planning/cmake-build-release/wavefront
dest03_to_dest06	OFWF	          606.8	        573.334	       12792	     3784	  110.667		Basic	          604.8	        573.334	       54721	    12956	  119.333	
dest03_to_dest07	OFWF	          619.8	         609.08	       10424	  3011.67	  109.667		Basic	          619.8	        609.445	       59453	  14044.3	  120.333	
dest03_to_dest08	OFWF	          741.6	        722.274	       11086	  3255.67	      110		Basic	          741.6	        722.998	       59395	  14017.7	  120.333	
dest03_to_dest09	OFWF	          613.4	        571.244	        8717	  2325.67	  113.333		Basic	          613.4	        571.244	       47942	  11310.3	      119	
dest04_to_dest06	OFWF	          411.6	        386.717	        6529	     1825	  108.333		Basic	          411.6	        386.722	       21295	  5058.67	  112.667	
dest04_to_dest07	OFWF	          589.2	        569.767	       10254	  2925.67	      110		Basic	          589.2	        573.802	       57799	  14067.7	  123.333	
dest04_to_dest08	OFWF	            711	        683.451	       10840	  3228.67	      112		Basic	            711	        687.355	       57810	    13720	  120.333	
dest04_to_dest09	OFWF	          689.4	         645.69	       11922	     3244	      110		Basic	          689.4	         648.87	       59024	    14304	  128.667	
map8 m_to_um		OFWF	         1116.4	        1105.34	      514442	   168833	  223.667		Basic	         1115.6	        1105.34	      801963	   192629	  238.667	
map8 m_to_mr		OFWF	         1607.8	        1584.41	      781895	   288636	  393.333		Basic	         1607.8	        1584.41	      801963	   192945	      239	
map1 bl_to_tr		OFWF	         1165.6	        1161.01	       10712	  2757.67	       47		Basic	         1165.6	        1161.01	      816536	   192531	  235.667	
map1 tl_to_br		OFWF	         1243.6	        1255.82	        4439	     1109	       58		Basic	         1243.6	        1255.82	      808176	   198054	      242	
map1 bl_to_mr		OFWF	         1014.2	        944.975	       36705	  9462.33	       54		Basic	         1014.2	        944.975	      818068	   194680	  238.333	
map2 bl_to_tr		OFWF	         1582.6	        1546.12	      503918	   155224	      307		Basic	         1582.6	        1546.12	      744899	   209658	  309.333	
map2 tl_to_br		OFWF	         1668.6	        1641.94	      575772	   171308	  223.667		Basic	         1667.4	        1641.94	      745367	   266909	  323.667	
map2 ml_to_mr		OFWF	         1515.8	         1481.9	      626664	   189089	      270		Basic	         1515.8	         1481.9	      742823	   242553	  294.333	
map2 mr_to_ml		OFWF	         1515.8	        1482.36	      219382	  65531.3	  116.667		Basic	         1515.8	        1482.36	      426917	  96867.3	      149	
map3 bl_to_tr		OFWF	         1212.6	        1199.51	       31946	  8762.67	       57		Basic	         1212.6	        1199.51	      775390	   177586	  246.333	
map3 tl_to_br		OFWF	         1449.4	         1369.7	      425639	   196701	  254.333		Basic	         1449.4	         1369.7	      785144	   211568	  348.333	
map3 tl_to_um		OFWF	          785.2	        748.811	       93424	  28541.3	       73		Basic	          785.2	        748.811	      682242	   160001	  203.667	
map4 bl_to_tr		OFWF	         1303.6	        1216.05	      225753	    66450	  111.333		Basic	           1303	        1216.05	      832472	   190717	  250.333	
map4 tl_to_br		OFWF	         1408.6	        1314.67	      245851	   100516	      165		Basic	         1408.6	        1314.67	      837058	   197553	  270.667	
map4 ml_to_mr		OFWF	            959	        909.887	      123928	  36470.7	  79.3333		Basic	            959	        909.887	      791515	   185359	      228	
map4 ml_to_m		OFWF	          860.6	         820.34	       61641	  31231.7	  77.3333		Basic	          860.6	         820.34	      790522	   184122	  226.333	
map4 m_to_ml		OFWF	          860.6	        819.557	      315978	    96487	  138.667		Basic	          860.6	        819.557	      730730	   168969	  210.333	
map5 bl_to_tr		OFWF	         1280.8	        1209.69	       96720	  29601.3	  93.3333		Basic	         1280.8	        1217.59	      597372	   168291	  265.333	
map5 tl_to_br		OFWF	         1328.2	         1275.7	       79326	  45806.7	  148.333		Basic	         1328.2	        1274.95	      597383	   209522	  272.333	
map5 bl_to_mr		OFWF	         1014.2	        949.248	       21604	  5414.67	  70.3333		Basic	         1014.2	        948.281	      551680	   173963	      238	
map5 bl_to_m		OFWF	          642.4	        609.454	       15379	  4300.67	       70		Basic	          642.4	        609.454	      564632	   225341	  291.333	
map6 bl_to_tr		OFWF	         1347.8	         1265.3	      275873	  85165.7	  140.667		Basic	         1347.2	         1265.3	      679997	   159066	      253	
map6 tl_to_br		OFWF	         1668.4	        1606.99	      434133	   213318	      273		Basic	         1668.4	        1606.99	      701623	   198045	      276	
map6 bl_to_mr		OFWF	         1011.4	        945.255	       20200	  5000.33	  60.3333		Basic	         1011.4	        944.583	      599850	   153445	      276	
map6 bl_to_m		OFWF	          874.4	        817.656	      151128	  44921.3	      100		Basic	          874.4	        817.656	      561618	   129671	  184.333	
map6 tl_to_cl		OFWF	         1482.6	        1404.82	      351702	   107115	  165.667		Basic	         1482.6	        1404.82	      701428	   160142	  251.333	
map6 m_to_um		OFWF	         1114.8	        1079.97	      181296	  64526.3	  194.333		Basic	         1114.8	        1079.97	      466582	   107230	  161.667	
big bl_to_tr		OFWF	         2742.2	        2627.93	      457762	   136749	  185.667		Basic	         2739.2	        2628.64	      536832	   125353	      173	
big bl_to_mr		OFWF	         2681.2	        2577.91	      459366	   136595	      183		Basic	         2680.4	        2577.55	      536832	   126707	  173.333	
big bl_to_cl		OFWF	           1207	        1163.41	      149737	  45018.3	  90.3333		Basic	         1205.2	        1168.15	      269093	    62243	  107.333	
big tl_to_cl		OFWF	          885.8	        840.774	      108432	    32503	  78.3333		Basic	            885	        840.679	      202201	  47116.3	       91	
big m_to_um			OFWF	         3254.6	        3127.07	      701070	   209526	  289.667		Basic	         3251.4	        3128.05	      731979	   384630	  479.333	
tite bl_to_tr		OFWF	         2857.6	        2732.63	      173858	  59493.7	  128.333		Basic	         2851.4	        2734.62	      277042	  71400.3	  131.333	
tite bl_to_mr		OFWF	         4294.4	        4113.47	      200108	    59818	  118.333		Basic	         4283.2	        4115.37	      265576	  65093.3	      124	
tite bl_to_cl		OFWF	         1862.2	        1794.69	      100587	  30810.7	       89		Basic	         1855.6	        1792.44	      147840	    36688	  93.6667	
tite tl_to_cl		OFWF	         5146.8	        4934.28	      409760	   126037	      185		Basic	         5138.6	        4932.26	      439661	   107533	      167	
