dest01 to dest02  	 71.48	67.309	    4970	  1480	 1658.4		 71.48	67.309	   37928	9243.4	 9431.2	
dest01 to dest03  	127.32	119.274	   10677	3220.6	 3581.8		127.32	119.274	   64743	15671.2	16031.6	
dest01 to dest04  	162.72	153.681	   28941	8803.6	   9221		162.72	153.63	   69889	 17003	17412.4	
dest01 to dest05  	178.36	168.685	   35510	10911.4	11405.2		178.36	168.992	   70097	17070.2	17518.6	
dest01 to dest06  	192.88	182.492	   38583	 11747	12198.4		192.88	182.839	   70097	17012.4	17493.4	
dest01 to dest07  	   155	146.744	   17858	5402.2	 5796.6		   155	147.509	   70097	17526.4	17900.4	
dest01 to dest08  	179.52	170.331	   21899	  6574	 7002.4		179.52	170.974	   70097	17103.2	17528.8	
dest01 to dest09  	 32.12	30.0775	     999	 258.4	  383.4		 32.12	30.0775	    6421	1570.4	 1695.8	
dest02 to dest01  	 71.48	67.2309	    4399	  1201	   1493		 71.48	67.2309	    9387	2259.4	 2442.4	
dest02 to dest03  	 55.92	51.9711	    2602	 651.8	    791		 55.92	51.9711	   17111	4192.4	 4333.4	
dest02 to dest04  	 91.32	86.3733	   11752	3481.2	 3702.6		 91.32	86.3222	   48087	11663.4	11887.8	
dest02 to dest05  	 120.8	114.335	   18806	5745.4	 6129.8		 120.8	114.335	   60288	14678.2	  15049	
dest02 to dest06  	135.32	128.182	   12795	3792.8	   4200		135.32	128.182	   61592	14964.6	15365.6	
dest02 to dest07  	108.96	105.221	    6846	1786.8	 2239.4		108.96	105.278	   53313	12956.8	13421.2	
dest02 to dest08  	133.48	128.783	    6961	1904.8	   2387		133.48	128.894	   52783	12811.8	13312.4	
dest02 to dest09  	 66.16	62.5655	    4262	1166.2	 1381.8		 66.16	62.483	   17716	4474.8	   4657	
dest03 to dest01  	127.32	119.157	    7124	1894.8	   2203		127.32	119.157	   38168	9203.4	   9498	
dest03 to dest02  	 55.92	51.9711	    2577	   658	  818.2		 55.92	51.9711	   22616	5442.4	 5562.4	
dest03 to dest04  	 42.36	39.8361	    2880	 835.2	  937.8		 42.36	39.8361	   14806	3602.4	 3706.6	
dest03 to dest05  	 78.88	75.0712	    5582	1643.4	 1877.4		 78.72	74.9408	   36006	8713.8	 8934.6	
dest03 to dest06  	121.24	115.327	   12620	3780.8	 4110.6		121.08	115.362	   54956	13397.4	13706.8	
dest03 to dest07  	123.44	121.219	   10766	  3209	 3693.4		123.32	121.487	   59520	14434.2	14917.4	
dest03 to dest08  	148.44	144.621	   11543	3452.8	 3990.8		148.44	145.037	   59531	14539.6	15082.4	
dest03 to dest09  	   122	114.566	    8980	2443.2	 2783.6		   122	114.214	   47341	 11496	11786.6	
dest04 to dest01  	163.04	154.152	   16411	  4921	 5361.4		162.72	153.961	   57073	 13756	14170.6	
dest04 to dest02  	 91.48	 86.95	    7417	2200.8	 2424.4		 91.32	86.7589	   50800	 12703	  12941	
dest04 to dest03  	 42.36	40.1116	    2567	 730.2	    843		 42.36	40.1116	   13413	  3268	   3382	
dest04 to dest05  	 40.28	37.5079	    1855	 462.6	  557.8		 40.28	37.5036	   10797	  2762	 2850.6	
dest04 to dest06  	 82.64	77.8547	    6583	1932.8	   2185		 82.64	77.9245	   21884	5339.6	 5519.2	
dest04 to dest07  	 116.6	113.233	    9960	2954.8	 3443.4		116.48	113.424	   57277	13919.4	  14407	
dest04 to dest08  	 141.6	136.758	   10904	3434.6	 4060.4		 141.6	136.974	   57349	13919.2	14458.4	
dest04 to dest09  	137.12	128.662	   11782	3297.8	 3760.8		137.12	129.441	   58563	 14252	14679.8	
dest05 to dest01  	178.36	169.426	   29100	9230.4	   9730		178.36	170.361	   62264	15058.6	  15532	
dest05 to dest02  	 120.8	115.101	   20526	6434.4	 6818.4		 120.8	115.101	   62672	15264.6	15663.8	
dest05 to dest03  	 79.36	75.3053	    7456	2392.8	 2611.6		 78.72	75.2891	   33526	8083.8	   8277	
dest05 to dest04  	 40.28	37.5828	    1977	 476.4	  639.6		 40.28	38.0757	   12888	  3158	 3251.8	
dest05 to dest06  	 44.24	41.1459	    2248	   574	  764.2		 44.24	41.1455	   10608	  2573	 2710.8	
dest05 to dest07  	  90.2	84.0605	    5498	1587.4	 1836.8		  90.2	84.3678	   44051	10704.6	10955.2	
dest05 to dest08  	118.76	111.03	    6550	1869.8	 2212.2		118.76	111.03	   45105	11232.6	11545.2	
dest05 to dest09  	146.32	139.074	   18614	  5638	 6058.4		146.32	139.79	   60933	14789.6	  15218	
dest06 to dest01  	192.88	182.514	   39018	11993.6	  12555		192.88	183.449	   67478	16329.2	16862.2	
dest06 to dest02  	135.32	128.193	   26803	8145.4	 8604.4		135.32	128.193	   67285	16342.6	16780.6	
dest06 to dest03  	121.24	115.514	   15631	4612.4	 4947.2		121.08	115.498	   62788	 15538	15873.4	
dest06 to dest04  	 82.64	77.9389	    5806	1637.8	 1873.6		 82.64	77.9389	   35529	8619.4	 8844.4	
dest06 to dest05  	 44.24	41.4073	    2455	 599.6	  758.4		 44.24	41.4073	   13492	3259.8	 3419.4	
dest06 to dest07  	 48.12	44.8152	    1688	   444	  555.2		 48.12	44.8152	    8923	2190.4	 2292.2	
dest06 to dest08  	 76.68	71.4742	    2693	 700.4	  878.4		 76.68	71.4742	   12700	3104.2	 3268.2	
dest06 to dest09  	160.84	152.162	   28637	8748.4	 9234.6		160.84	152.879	   67478	 16396	16865.2	
dest07 to dest01  	155.32	147.275	   17278	5189.2	   5565		   155	147.453	   52313	12627.6	12976.2	
dest07 to dest02  	108.96	105.341	   13146	3524.2	 3833.6		108.96	105.765	   55616	13476.4	13771.8	
dest07 to dest03  	123.44	120.568	    9001	  2658	 3007.6		123.32	120.812	   57447	13870.2	14225.6	
dest07 to dest04  	116.48	112.896	   11093	3320.2	 3594.4		116.48	112.896	   58024	14329.2	14610.6	
dest07 to dest05  	  90.2	84.0767	    7216	2146.8	 2410.8		  90.2	84.0767	   42278	10224.2	10487.6	
dest07 to dest06  	 48.12	44.8152	    1822	 480.8	  591.6		 48.12	44.8152	   12068	2956.8	 3070.6	
dest07 to dest08  	 28.64	26.6593	     861	 225.8	    290		 28.64	26.6593	    2417	   598	    655	
dest07 to dest09  	122.96	116.973	   12353	3671.6	 3961.6		122.96	116.891	   47789	11530.8	11809.4	
dest08 to dest01  	179.52	171.156	   32221	10146.8	10599.8		179.52	171.156	   64221	15531.4	15960.8	
dest08 to dest02  	133.48	130.152	   29325	  8812	 9335.8		133.48	130.152	   64387	15662.4	16187.4	
dest08 to dest03  	148.56	144.259	   25004	7715.2	 8241.2		148.44	145.229	   68193	 16532	17130.6	
dest08 to dest04  	 141.6	137.174	   23873	7288.8	   7783		 141.6	137.174	   63634	15738.6	16308.2	
dest08 to dest05  	118.76	110.749	    9141	2689.2	 3022.6		118.76	110.749	   57322	 13881	14219.8	
dest08 to dest06  	 76.68	71.4742	    2884	 758.8	  934.8		 76.68	71.4742	   19125	4659.4	 4848.2	
dest08 to dest07  	 28.64	26.6593	     881	 239.2	  302.2		 28.64	26.6593	    4032	1003.6	 1068.2	
dest08 to dest09  	147.48	140.593	   25239	7649.2	 8008.8		147.48	140.593	   63568	15406.8	15769.8	
dest09 to dest01  	 32.12	30.1118	    2690	 834.8	  934.8		 32.12	30.1118	    5039	1196.6	 1273.8	
dest09 to dest02  	 66.16	62.2558	    5552	  1652	 1814.4		 66.16	62.2558	   33991	8220.6	 8384.2	
dest09 to dest03  	   122	114.22	   11933	3587.2	 3926.8		   122	114.22	   61619	15014.4	15367.2	
dest09 to dest04  	137.12	130.404	   20421	6216.2	   6632		137.12	130.11	   63351	15419.8	  15740	
dest09 to dest05  	146.44	138.735	   13338	3796.6	 4103.2		146.32	138.927	   63418	 15396	15708.2	
dest09 to dest06  	160.84	152.248	   15507	4398.4	   4833		160.84	152.773	   64807	15726.6	16073.2	
dest09 to dest07  	123.12	116.659	   11495	  3360	 3706.6		122.96	117.443	   61938	15615.8	15868.4	
dest09 to dest08  	 147.8	140.072	   15880	4657.2	 5011.4		147.48	140.908	   61689	14994.8	  15297	
